VERTICES = 32
EDGES = 466
1 6
23 6
23 1
27 6
27 1
27 23
15 6
15 1
15 23
15 27
12 6
12 1
12 23
12 27
12 15
17 6
17 1
17 23
17 27
17 15
17 12
21 6
21 1
21 23
21 27
21 15
21 12
21 17
25 6
25 1
25 23
25 27
25 15
25 12
25 17
25 21
3 6
3 1
3 23
3 27
3 15
3 12
3 17
3 21
3 25
20 6
20 1
20 23
20 27
20 15
20 12
20 17
20 21
20 25
20 3
7 6
7 1
7 23
7 27
7 15
7 12
7 17
7 21
7 25
7 3
7 20
30 6
30 1
30 23
30 27
30 15
30 12
30 17
30 21
30 25
30 3
30 20
30 7
5 6
5 1
5 23
5 27
5 15
5 12
5 17
5 21
5 25
5 3
5 20
5 7
5 30
14 6
14 1
14 23
14 27
14 15
14 12
14 17
14 21
14 25
14 3
14 20
14 7
14 30
14 5
26 6
26 1
26 23
26 27
26 15
26 12
26 17
26 21
26 25
26 3
26 20
26 7
26 30
26 5
26 14
4 6
4 1
4 23
4 27
4 15
4 12
4 17
4 21
4 25
4 3
4 20
4 7
4 30
4 5
4 14
4 26
9 6
9 1
9 23
9 27
9 15
9 12
9 17
9 21
9 25
9 3
9 20
9 7
9 30
9 5
9 14
9 26
9 4
19 6
19 1
19 23
19 27
19 15
19 12
19 17
19 21
19 25
19 3
19 20
19 7
19 30
19 5
19 14
19 26
19 4
19 9
8 6
8 1
8 23
8 27
8 15
8 12
8 17
8 21
8 25
8 3
8 20
8 7
8 30
8 5
8 14
8 26
8 4
8 9
8 19
32 6
32 1
32 23
32 27
32 15
32 12
32 17
32 21
32 25
32 3
32 20
32 7
32 30
32 5
32 14
32 26
32 4
32 9
32 19
32 8
16 6
16 1
16 23
16 27
16 15
16 12
16 17
16 21
16 25
16 3
16 20
16 7
16 30
16 5
16 14
16 26
16 4
16 9
16 19
16 8
16 32
24 6
24 1
24 23
24 27
24 15
24 12
24 17
24 21
24 25
24 3
24 20
24 7
24 30
24 5
24 14
24 26
24 4
24 9
24 19
24 8
24 32
24 16
2 6
2 1
2 23
2 27
2 15
2 12
2 17
2 21
2 25
2 3
2 20
2 7
2 30
2 5
2 14
2 26
2 4
2 9
2 19
2 8
2 32
2 16
2 24
11 6
11 1
11 23
11 27
11 15
11 12
11 17
11 21
11 25
11 3
11 20
11 7
11 30
11 5
11 14
11 26
11 4
11 9
11 19
11 8
11 32
11 16
11 24
11 2
13 6
13 1
13 23
13 27
13 15
13 12
13 17
13 21
13 25
13 3
13 20
13 7
13 30
13 5
13 14
13 26
13 4
13 9
13 19
13 8
13 32
13 16
13 24
13 2
13 11
18 6
18 1
18 23
18 27
18 15
18 12
18 17
18 21
18 25
18 3
18 20
18 7
18 30
18 5
18 14
18 26
18 4
18 9
18 19
18 8
18 32
18 16
18 24
18 2
18 11
18 13
10 6
10 1
10 23
10 27
10 15
10 12
10 17
10 21
10 25
10 3
10 20
10 7
10 30
10 5
10 14
10 26
10 4
10 9
10 19
10 8
10 32
10 16
10 24
10 2
10 11
10 13
10 18
22 6
22 1
22 23
22 27
22 15
22 12
22 17
22 21
22 25
22 3
22 20
22 7
22 30
22 5
22 14
22 26
22 4
22 9
22 19
22 8
22 32
22 16
22 24
22 2
22 11
22 13
22 18
22 10
29 6
29 1
29 23
29 27
29 15
29 12
29 17
29 21
29 25
29 3
29 20
29 7
29 30
29 5
29 14
29 26
29 4
29 9
29 19
29 8
29 32
29 16
29 24
29 2
29 11
29 13
29 18
29 10
29 22
28 6
28 1
28 23
28 27
28 15
28 12
28 17
28 21
28 25
28 3
28 20
28 7
28 30
28 5
28 14
28 26
28 4
28 9
28 19
28 8
28 32
28 16
28 24
28 2
28 11
28 13
28 18
28 10
28 22
28 29
29 31
