VERTICES = 93
EDGES = 92
35 52
37 1
23 40
68 8
44 76
51 26
15 4
30 57
70 93
48 61
59 58
39 29
24 23
71 68
38 35
13 37
42 15
55 30
16 44
62 51
18 59
84 39
25 70
72 48
60 41
22 34
60 45
22 50
28 78
11 21
28 33
11 74
27 17
36 83
43 31
47 66
77 42
20 55
77 16
20 62
77 25
20 72
6 24
12 71
6 38
12 13
6 18
12 84
56 58
7 29
56 33
7 74
56 27
7 36
46 93
2 61
46 45
2 50
46 43
2 47
75 91
9 88
75 78
9 21
75 41
9 34
65 53
10 3
65 67
10 86
65 52
10 1
81 64
32 87
81 79
32 54
81 40
32 8
5 82
85 49
5 14
85 69
5 76
85 26
89 80
90 73
89 63
90 19
89 4
90 57
90 89
3 92
